float  ECG1[BUFFER_SIZE]={0.500,0.501,0.500,0.500,0.499,0.501,0.502,
0.500,0.500,0.509,0.524,0.538,0.547,0.562,0.566,0.566,0.566,0.557,0.552,
0.543,0.533,0.524,0.519,0.509,0.505,0.505,0.500,0.500,0.505,0.505,0.505,
0.505,0.505,0.509,0.509,0.509,0.514,0.514,0.514,0.514,0.514,0.514,0.514,
0.514,0.514,0.514,0.528,0.552,0.595,0.657,0.742,0.842,0.932,0.990,0.999,
0.956,0.866,0.752,0.628,0.524,0.304,0.091,0.001,0.001,0.091,0.197,0.322,
0.411,0.482,0.500,0.505,0.509,0.505,0.505,0.505,0.505,0.500,0.500,0.500,
0.500,0.500,0.500,0.500,0.500,0.500,0.500,0.500,0.500,0.505,0.505,0.509,
0.509,0.514,0.514,0.519,0.519,0.524,0.528,0.533,0.538,0.538,0.543,0.547,
0.547,0.552,0.552,0.557,0.557,0.557,0.562,0.566,0.576,0.585,0.595,0.604,
0.614,0.628,0.638,0.647,0.661,0.676,0.685,0.700,0.709,0.723,0.733,0.747,
0.757,0.761,0.766,0.771,0.771,0.776,0.776,0.771,0.771,0.766,0.766,0.757,
0.747,0.738,0.723,0.704,0.690,0.671,0.657,0.638,0.623,0.609,0.595,0.581,
0.566,0.557,0.547,0.538,0.533,0.524,0.514,0.509,0.505,0.505,0.500,0.500};
